59,3
59,2
59,1
59,0
58,3
58,2
58,1
58,0
0,501
0,500
0,499
57,3
57,2
57,1
57,0
0,498
0,497
0,496
0,495
0,494
0,493
0,492
56,3
56,2
0,491
56,1
56,0
0,490
0,489
0,488
0,487
0,486
0,485
0,484
0,483
0,482
0,481
55,3
55,2
0,480
55,1
55,0
0,479
0,478
0,477
0,476
0,475
0,474
0,473
0,472
0,471
0,470
54,3
54,2
54,1
54,0
0,469
0,468
0,467
0,466
0,465
0,464
0,463
0,462
0,461
0,460
0,459
0,458
0,457
53,3
53,2
0,456
53,1
53,0
0,455
0,454
0,453
0,452
0,451
0,450
0,449
0,448
0,447
0,446
0,445
0,444
52,3
52,2
52,1
52,0
0,443
0,442
0,441
51,3
51,2
51,1
51,0
0,440
0,439
0,438
50,4
50,3
50,2
50,1
50,0
0,437
0,436
0,435
0,434
49,4
49,3
49,2
49,1
49,0
0,433
0,432
48,4
48,3
48,2
48,1
48,0
0,431
0,430
0,429
0,428
0,427
47,4
47,3
47,2
0,426
47,1
47,0
0,425
0,424
